Point2D, [3, 2]
Line3D, [7, 12, 3], [-9, 13, 68]
Point3D, [1, 3, 8]
Line2D, [5, 7], [3, 8]
Point2D, [3, 2]
Line3D, [7, -12, 3], [9, 13, 68]
Point3D, [6, 9, 5]
Point2D, [3, 2]
Line3D, [70, -120, -3], [-29, 1, 268]
Line3D, [25, -69, -33], [-2, -41, 58]
Point3D, [6, 9, -50]
Point2D, [-15, 42]
Line2D, [100, -25], [67, 89]
Point3D, [45, -78, 123]
Line3D, [999, 888, 777], [-555, -444, -333]
Point2D, [0, 0]
Point3D, [12, -34, 56]
Line2D, [-99, -88], [77, 66]
Point2D, [3, 2]
Line3D, [7, 12, 3], [-9, 13, 68]
Point3D, [6, 9, 5]
Line2D, [5, 7], [3, 8]
Point2D, [-999, 999]
Point3D, [123, 456, 789]
Line3D, [0, 0, 0], [1, 1, 1]
Point2D, [88, -77]
Line2D, [200, 300], [-100, -200]
Point3D, [6, 9, -50]
Line3D, [25, -69, -33], [-2, -41, 58]
Point2D, [0, 0]
Line2D, [100, -25], [67, 89]
Point3D, [45, -78, 123]
Point2D, [500, -600]
Line3D, [111, 222, 333], [444, 555, 666]
Point3D, [987, -654, 321]
Line2D, [-50, 75], [25, -35]
Point2D, [3, 2]
Point3D, [6, 9, 5]